#coords
1 -200,-50,-50
2 -100,-50,-50
3 -200,50,-50
4 -100,50,-50
5 -200,-50,50
6 -100,-50,50
7 -200,50,50
8 -100,50,50
9 175,-75,0
10 250,0,0
11 175,0,-75
12 100,0,0
13 175,0,75
14 175,75,0
15 300,300,0
16 300,100,0
17 100,100,0
18 100,300,0
19 100,100,200
20 100,300,200
21 300,100,200
22 300,300,200

#polygons
1 1,2,4,3
2 2,6,8,4
3 3,4,8,7
4 5,1,3,7
5 6,5,7,8
6 1,5,6,2
7 9,10,11
8 12,9,11
9 11,10,14
10 12,11,14
11 13,12,14
12 10,13,14
13 10,9,13
14 9,12,13
15 15,16,17,18
16 17,19,20,18
17 19,20,22,21
18 16,21,22,15
19 16,17,19,21
20 18,20,22,15